217 3 1 255
239 67 35 255
221 85 27 255
244 127 37 255
250 173 81 255
254 159 56 255
255 197 0 255
253 219 10 255
DIV: ROY

125 57 254 255
206 104 168 255
40 85 141 255
0 113 214 255
0 134 195 255
34 86 52 255
0 141 0 255
88 198 0 255
DIV: PBG

231 107 207 255
234 144 231 255
238 171 222 255
0 197 125 255
0 128 71 255
0 128 128 255
0 175 183 255
55 162 189 255
DIV: Pink/Teal

8 25 42 255
122 107 85 255
88 95 88 255
54 56 69 255
122 38 25 255
239 209 159 255
71 68 47 255
224 164 94 255
DIV: Chazpelo's Specials

0 0 0 255
85 85 85 255
149 149 149 255
207 207 205 255
232 231 227 255
164 93 0 255
127 86 0 255
68 35 0 255
DIV: Grey/Browns

255 0 0 128
250 217 43 128
88 198 0 128
0 113 214 128
238 171 222 128
232 231 227 128
232 231 227 64
0 141 215 64
DIV: Transparents

